{
 "cells": [
  {
   "cell_type": "code",
   "execution_count": 186,
   "id": "2181db9d-bc61-4a35-9c0c-647e67ad14b2",
   "metadata": {},
   "outputs": [],
   "source": [
    "import numpy as np\n",
    "import pandas as pd\n",
    "import matplotlib.pyplot as plt\n",
    "import seaborn as sns\n",
    "import os\n",
    "import scipy.stats as stats\n",
    "import math\n",
    "import statsmodels.api as sm\n",
    "plt.rcParams['savefig.dpi'] = 600\n",
    "from matplotlib import cm\n",
    "import matplotlib.colors as colors\n",
    "from matplotlib.patches import Rectangle\n",
    "from matplotlib.patches import Polygon\n",
    "import matplotlib.gridspec as gridspec"
   ]
  },
  {
   "cell_type": "markdown",
   "id": "d97e34c7-41fb-4ca9-8ff1-c4dcda0cb99e",
   "metadata": {},
   "source": [
    "## Importing the data"
   ]
  },
  {
   "cell_type": "code",
   "execution_count": 188,
   "id": "9c17d66d-cca1-4b3e-af8d-036040ea640b",
   "metadata": {},
   "outputs": [],
   "source": [
    "# Filtered selection coefficients for the F3-F4 150 paired-end libraries\n",
    "s_filtered_150 = pd.read_csv(\"s_final/Final_s_150_F3F4.csv\", index_col=None)\n",
    "\n",
    "# Simulation results\n",
    "sim_s_app = pd.read_csv(\"Sim_results/Normal_005/s_apparent_Normal_005.csv\", index_col=None)\n",
    "\n",
    "# Final selection coefficients from 300 paired-end sequencing\n",
    "s_no_out_300 = pd.read_csv(\"Supp_data/s_300_5FC_no_out.csv\", index_col=None)\n"
   ]
  },
  {
   "cell_type": "markdown",
   "id": "ff7b3be6-7eb7-4086-b4d9-f7bae632357b",
   "metadata": {},
   "source": [
    "## Preparing the data"
   ]
  },
  {
   "cell_type": "markdown",
   "id": "f786a2bf-f658-4412-b1ac-0cfd6c65e8fb",
   "metadata": {},
   "source": [
    "### Selection coefficients from 150 paired-end sequencing of the 5-FC screen"
   ]
  },
  {
   "cell_type": "code",
   "execution_count": 191,
   "id": "0a0470b9-3f9e-421d-a5ea-c818432fb395",
   "metadata": {},
   "outputs": [],
   "source": [
    "# Keeping only columns of interest\n",
    "s_filtered_150 = s_filtered_150[['Library', 'Genotype', 's_T0toT1_Ref', 's_T0toT2_Ref', 's_T0toT3_Ref',\n",
    "                                'Alias', 'Bio_rep', 'Tech_rep', 'With_CDS_spikeins', 'Condition',\n",
    "                                 'Mutation type', 'Position', 'In F3F4']].copy()\n",
    "# Kepping only F3F4 single mutants\n",
    "s_filtered_150 = s_filtered_150[s_filtered_150['In F3F4']].copy().reset_index(drop=True)\n",
    "\n",
    "# Keeping only the samples with 5-FC and without spike-ins\n",
    "s_filtered_150 = s_filtered_150[(s_filtered_150['With_CDS_spikeins'] == False) & (s_filtered_150['Condition'] == 'WITH_5FC')].copy().reset_index(drop=True)\n",
    "\n",
    "# Adding a \"samp_id\" column\n",
    "s_filtered_150['samp_id'] = s_filtered_150['Bio_rep'].astype('str') + s_filtered_150['Tech_rep']"
   ]
  },
  {
   "cell_type": "code",
   "execution_count": 192,
   "id": "f2110a4c-2508-4bec-8754-84b3f1503874",
   "metadata": {},
   "outputs": [],
   "source": [
    "# Making a dataframe with a different column for each library\n",
    "s_filtered_150 = s_filtered_150.sort_values(by='samp_id').copy().reset_index(drop=True)\n",
    "s_150_bylib = pd.pivot(s_filtered_150, index='Genotype', columns='samp_id', values='s_T0toT3_Ref')"
   ]
  },
  {
   "cell_type": "code",
   "execution_count": 193,
   "id": "0bb22e3a-831b-41d4-9511-9deca28145b6",
   "metadata": {},
   "outputs": [],
   "source": [
    "# Computing the matrix of pearson correlation coefficients \n",
    "pearson_mat_150 = pd.DataFrame(index=s_150_bylib.columns, columns=s_150_bylib.columns)\n",
    "\n",
    "for lib_a in s_150_bylib.columns:\n",
    "\n",
    "    for lib_b in s_150_bylib.columns:\n",
    "\n",
    "        data_corr = s_150_bylib.dropna(subset=[lib_a, lib_b]).copy().reset_index(drop=True)\n",
    "\n",
    "        corr_val = stats.pearsonr(data_corr[lib_a], data_corr[lib_b])[0]\n",
    "\n",
    "        pearson_mat_150.at[lib_a, lib_b] = corr_val"
   ]
  },
  {
   "cell_type": "code",
   "execution_count": 194,
   "id": "a878e5af-ea25-42d1-905b-8be3672b4c3b",
   "metadata": {},
   "outputs": [
    {
     "data": {
      "text/html": [
       "<div>\n",
       "<style scoped>\n",
       "    .dataframe tbody tr th:only-of-type {\n",
       "        vertical-align: middle;\n",
       "    }\n",
       "\n",
       "    .dataframe tbody tr th {\n",
       "        vertical-align: top;\n",
       "    }\n",
       "\n",
       "    .dataframe thead th {\n",
       "        text-align: right;\n",
       "    }\n",
       "</style>\n",
       "<table border=\"1\" class=\"dataframe\">\n",
       "  <thead>\n",
       "    <tr style=\"text-align: right;\">\n",
       "      <th>samp_id</th>\n",
       "      <th>1A</th>\n",
       "      <th>1B</th>\n",
       "      <th>2A</th>\n",
       "      <th>2B</th>\n",
       "      <th>3A</th>\n",
       "      <th>3B</th>\n",
       "      <th>4A</th>\n",
       "      <th>4B</th>\n",
       "    </tr>\n",
       "    <tr>\n",
       "      <th>samp_id</th>\n",
       "      <th></th>\n",
       "      <th></th>\n",
       "      <th></th>\n",
       "      <th></th>\n",
       "      <th></th>\n",
       "      <th></th>\n",
       "      <th></th>\n",
       "      <th></th>\n",
       "    </tr>\n",
       "  </thead>\n",
       "  <tbody>\n",
       "    <tr>\n",
       "      <th>1A</th>\n",
       "      <td>1.0</td>\n",
       "      <td>0.736055</td>\n",
       "      <td>0.184397</td>\n",
       "      <td>0.169919</td>\n",
       "      <td>0.120326</td>\n",
       "      <td>0.121351</td>\n",
       "      <td>0.183354</td>\n",
       "      <td>0.187425</td>\n",
       "    </tr>\n",
       "    <tr>\n",
       "      <th>1B</th>\n",
       "      <td>0.736055</td>\n",
       "      <td>1.0</td>\n",
       "      <td>0.18841</td>\n",
       "      <td>0.153971</td>\n",
       "      <td>0.160238</td>\n",
       "      <td>0.148688</td>\n",
       "      <td>0.204734</td>\n",
       "      <td>0.201797</td>\n",
       "    </tr>\n",
       "    <tr>\n",
       "      <th>2A</th>\n",
       "      <td>0.184397</td>\n",
       "      <td>0.18841</td>\n",
       "      <td>1.0</td>\n",
       "      <td>0.847599</td>\n",
       "      <td>0.130191</td>\n",
       "      <td>0.173318</td>\n",
       "      <td>0.115918</td>\n",
       "      <td>0.141519</td>\n",
       "    </tr>\n",
       "    <tr>\n",
       "      <th>2B</th>\n",
       "      <td>0.169919</td>\n",
       "      <td>0.153971</td>\n",
       "      <td>0.847599</td>\n",
       "      <td>1.0</td>\n",
       "      <td>0.101172</td>\n",
       "      <td>0.134991</td>\n",
       "      <td>0.079716</td>\n",
       "      <td>0.127549</td>\n",
       "    </tr>\n",
       "    <tr>\n",
       "      <th>3A</th>\n",
       "      <td>0.120326</td>\n",
       "      <td>0.160238</td>\n",
       "      <td>0.130191</td>\n",
       "      <td>0.101172</td>\n",
       "      <td>1.0</td>\n",
       "      <td>0.799971</td>\n",
       "      <td>0.150036</td>\n",
       "      <td>0.168504</td>\n",
       "    </tr>\n",
       "    <tr>\n",
       "      <th>3B</th>\n",
       "      <td>0.121351</td>\n",
       "      <td>0.148688</td>\n",
       "      <td>0.173318</td>\n",
       "      <td>0.134991</td>\n",
       "      <td>0.799971</td>\n",
       "      <td>1.0</td>\n",
       "      <td>0.173224</td>\n",
       "      <td>0.159591</td>\n",
       "    </tr>\n",
       "    <tr>\n",
       "      <th>4A</th>\n",
       "      <td>0.183354</td>\n",
       "      <td>0.204734</td>\n",
       "      <td>0.115918</td>\n",
       "      <td>0.079716</td>\n",
       "      <td>0.150036</td>\n",
       "      <td>0.173224</td>\n",
       "      <td>1.0</td>\n",
       "      <td>0.795138</td>\n",
       "    </tr>\n",
       "    <tr>\n",
       "      <th>4B</th>\n",
       "      <td>0.187425</td>\n",
       "      <td>0.201797</td>\n",
       "      <td>0.141519</td>\n",
       "      <td>0.127549</td>\n",
       "      <td>0.168504</td>\n",
       "      <td>0.159591</td>\n",
       "      <td>0.795138</td>\n",
       "      <td>1.0</td>\n",
       "    </tr>\n",
       "  </tbody>\n",
       "</table>\n",
       "</div>"
      ],
      "text/plain": [
       "samp_id        1A        1B        2A        2B        3A        3B        4A  \\\n",
       "samp_id                                                                         \n",
       "1A            1.0  0.736055  0.184397  0.169919  0.120326  0.121351  0.183354   \n",
       "1B       0.736055       1.0   0.18841  0.153971  0.160238  0.148688  0.204734   \n",
       "2A       0.184397   0.18841       1.0  0.847599  0.130191  0.173318  0.115918   \n",
       "2B       0.169919  0.153971  0.847599       1.0  0.101172  0.134991  0.079716   \n",
       "3A       0.120326  0.160238  0.130191  0.101172       1.0  0.799971  0.150036   \n",
       "3B       0.121351  0.148688  0.173318  0.134991  0.799971       1.0  0.173224   \n",
       "4A       0.183354  0.204734  0.115918  0.079716  0.150036  0.173224       1.0   \n",
       "4B       0.187425  0.201797  0.141519  0.127549  0.168504  0.159591  0.795138   \n",
       "\n",
       "samp_id        4B  \n",
       "samp_id            \n",
       "1A       0.187425  \n",
       "1B       0.201797  \n",
       "2A       0.141519  \n",
       "2B       0.127549  \n",
       "3A       0.168504  \n",
       "3B       0.159591  \n",
       "4A       0.795138  \n",
       "4B            1.0  "
      ]
     },
     "execution_count": 194,
     "metadata": {},
     "output_type": "execute_result"
    }
   ],
   "source": [
    "pearson_mat_150"
   ]
  },
  {
   "cell_type": "code",
   "execution_count": 195,
   "id": "f7b4d5d3-f691-4d3b-90a0-0f763d6ecf0c",
   "metadata": {},
   "outputs": [],
   "source": [
    "# We also need a long df of selection coefficients where the time interval is in a column (to be used as hue)\n",
    "\n",
    "time_int_rename = {'s_T0toT1_Ref':'T0-T1', 's_T0toT2_Ref':'T0-T2', 's_T0toT3_Ref':'T0-T3'}\n",
    "s_150_by_timepoint = s_filtered_150[['samp_id', 'Genotype', 's_T0toT1_Ref', 's_T0toT2_Ref', 's_T0toT3_Ref']].copy()\n",
    "s_150_by_timepoint = s_filtered_150.rename(columns=time_int_rename)\n",
    "s_150_by_timepoint = pd.melt(s_150_by_timepoint, id_vars=['samp_id', 'Genotype'],\n",
    "                            value_vars=['T0-T1', 'T0-T2', 'T0-T3'],\n",
    "                            var_name='Time interval', value_name='Selection coefficients')"
   ]
  },
  {
   "cell_type": "markdown",
   "id": "6785d541-00e7-46d7-8125-752f1def05a7",
   "metadata": {},
   "source": [
    "### Simulation results"
   ]
  },
  {
   "cell_type": "code",
   "execution_count": 197,
   "id": "ff80f124-c7e2-4913-94dc-5055c3c0d453",
   "metadata": {},
   "outputs": [],
   "source": [
    "# First dropping the WT\n",
    "sim_s_app = sim_s_app[sim_s_app['Genotype'] != 'WT'].copy().reset_index(drop=True)"
   ]
  },
  {
   "cell_type": "code",
   "execution_count": 198,
   "id": "8bd2aa82-87a7-4ab2-9815-41e5b02f07c4",
   "metadata": {},
   "outputs": [],
   "source": [
    "# Obtaining a new dataframe with doifferent columns for each library\n",
    "sim_s_app['Library'] = sim_s_app['Library'].apply(lambda x: ''.join(x.split('-')))\n",
    "sim_s_app = sim_s_app.sort_values(by='Library')\n",
    "\n",
    "sim_s_bylib = pd.pivot(sim_s_app, index='Genotype', columns='Library', values='s_T0toT3')"
   ]
  },
  {
   "cell_type": "code",
   "execution_count": 199,
   "id": "f01fb6c1-a268-4e6b-87c6-ecd9fd650af9",
   "metadata": {},
   "outputs": [],
   "source": [
    "# Computing the matrix of correlation coefficients\n",
    "pearson_mat_sim = pd.DataFrame(index=sim_s_bylib.columns, columns=sim_s_bylib.columns)\n",
    "\n",
    "for lib_a in sim_s_bylib.columns:\n",
    "\n",
    "    for lib_b in sim_s_bylib.columns:\n",
    "\n",
    "        data_corr = sim_s_bylib.dropna(subset=[lib_a, lib_b]).copy().reset_index(drop=True)\n",
    "\n",
    "        corr_val = stats.pearsonr(data_corr[lib_a], data_corr[lib_b])[0]\n",
    "\n",
    "        pearson_mat_sim.at[lib_a, lib_b] = corr_val"
   ]
  },
  {
   "cell_type": "code",
   "execution_count": 200,
   "id": "c03eb872-f30c-4b6c-885d-b81df1a60e41",
   "metadata": {},
   "outputs": [
    {
     "data": {
      "text/html": [
       "<div>\n",
       "<style scoped>\n",
       "    .dataframe tbody tr th:only-of-type {\n",
       "        vertical-align: middle;\n",
       "    }\n",
       "\n",
       "    .dataframe tbody tr th {\n",
       "        vertical-align: top;\n",
       "    }\n",
       "\n",
       "    .dataframe thead th {\n",
       "        text-align: right;\n",
       "    }\n",
       "</style>\n",
       "<table border=\"1\" class=\"dataframe\">\n",
       "  <thead>\n",
       "    <tr style=\"text-align: right;\">\n",
       "      <th>Library</th>\n",
       "      <th>1A</th>\n",
       "      <th>1B</th>\n",
       "      <th>2A</th>\n",
       "      <th>2B</th>\n",
       "      <th>3A</th>\n",
       "      <th>3B</th>\n",
       "      <th>4A</th>\n",
       "      <th>4B</th>\n",
       "    </tr>\n",
       "    <tr>\n",
       "      <th>Library</th>\n",
       "      <th></th>\n",
       "      <th></th>\n",
       "      <th></th>\n",
       "      <th></th>\n",
       "      <th></th>\n",
       "      <th></th>\n",
       "      <th></th>\n",
       "      <th></th>\n",
       "    </tr>\n",
       "  </thead>\n",
       "  <tbody>\n",
       "    <tr>\n",
       "      <th>1A</th>\n",
       "      <td>1.0</td>\n",
       "      <td>0.981411</td>\n",
       "      <td>-0.015814</td>\n",
       "      <td>-0.018218</td>\n",
       "      <td>0.074654</td>\n",
       "      <td>0.069929</td>\n",
       "      <td>-0.020159</td>\n",
       "      <td>-0.017184</td>\n",
       "    </tr>\n",
       "    <tr>\n",
       "      <th>1B</th>\n",
       "      <td>0.981411</td>\n",
       "      <td>1.0</td>\n",
       "      <td>-0.009351</td>\n",
       "      <td>-0.010879</td>\n",
       "      <td>0.069377</td>\n",
       "      <td>0.065955</td>\n",
       "      <td>-0.017305</td>\n",
       "      <td>-0.014635</td>\n",
       "    </tr>\n",
       "    <tr>\n",
       "      <th>2A</th>\n",
       "      <td>-0.015814</td>\n",
       "      <td>-0.009351</td>\n",
       "      <td>1.0</td>\n",
       "      <td>0.979396</td>\n",
       "      <td>-0.004924</td>\n",
       "      <td>-0.002744</td>\n",
       "      <td>-0.010711</td>\n",
       "      <td>-0.003109</td>\n",
       "    </tr>\n",
       "    <tr>\n",
       "      <th>2B</th>\n",
       "      <td>-0.018218</td>\n",
       "      <td>-0.010879</td>\n",
       "      <td>0.979396</td>\n",
       "      <td>1.0</td>\n",
       "      <td>-0.00703</td>\n",
       "      <td>-0.004523</td>\n",
       "      <td>-0.010655</td>\n",
       "      <td>-0.003785</td>\n",
       "    </tr>\n",
       "    <tr>\n",
       "      <th>3A</th>\n",
       "      <td>0.074654</td>\n",
       "      <td>0.069377</td>\n",
       "      <td>-0.004924</td>\n",
       "      <td>-0.00703</td>\n",
       "      <td>1.0</td>\n",
       "      <td>0.981209</td>\n",
       "      <td>-0.006467</td>\n",
       "      <td>0.006615</td>\n",
       "    </tr>\n",
       "    <tr>\n",
       "      <th>3B</th>\n",
       "      <td>0.069929</td>\n",
       "      <td>0.065955</td>\n",
       "      <td>-0.002744</td>\n",
       "      <td>-0.004523</td>\n",
       "      <td>0.981209</td>\n",
       "      <td>1.0</td>\n",
       "      <td>-0.009254</td>\n",
       "      <td>0.004306</td>\n",
       "    </tr>\n",
       "    <tr>\n",
       "      <th>4A</th>\n",
       "      <td>-0.020159</td>\n",
       "      <td>-0.017305</td>\n",
       "      <td>-0.010711</td>\n",
       "      <td>-0.010655</td>\n",
       "      <td>-0.006467</td>\n",
       "      <td>-0.009254</td>\n",
       "      <td>1.0</td>\n",
       "      <td>0.982352</td>\n",
       "    </tr>\n",
       "    <tr>\n",
       "      <th>4B</th>\n",
       "      <td>-0.017184</td>\n",
       "      <td>-0.014635</td>\n",
       "      <td>-0.003109</td>\n",
       "      <td>-0.003785</td>\n",
       "      <td>0.006615</td>\n",
       "      <td>0.004306</td>\n",
       "      <td>0.982352</td>\n",
       "      <td>1.0</td>\n",
       "    </tr>\n",
       "  </tbody>\n",
       "</table>\n",
       "</div>"
      ],
      "text/plain": [
       "Library        1A        1B        2A        2B        3A        3B        4A  \\\n",
       "Library                                                                         \n",
       "1A            1.0  0.981411 -0.015814 -0.018218  0.074654  0.069929 -0.020159   \n",
       "1B       0.981411       1.0 -0.009351 -0.010879  0.069377  0.065955 -0.017305   \n",
       "2A      -0.015814 -0.009351       1.0  0.979396 -0.004924 -0.002744 -0.010711   \n",
       "2B      -0.018218 -0.010879  0.979396       1.0  -0.00703 -0.004523 -0.010655   \n",
       "3A       0.074654  0.069377 -0.004924  -0.00703       1.0  0.981209 -0.006467   \n",
       "3B       0.069929  0.065955 -0.002744 -0.004523  0.981209       1.0 -0.009254   \n",
       "4A      -0.020159 -0.017305 -0.010711 -0.010655 -0.006467 -0.009254       1.0   \n",
       "4B      -0.017184 -0.014635 -0.003109 -0.003785  0.006615  0.004306  0.982352   \n",
       "\n",
       "Library        4B  \n",
       "Library            \n",
       "1A      -0.017184  \n",
       "1B      -0.014635  \n",
       "2A      -0.003109  \n",
       "2B      -0.003785  \n",
       "3A       0.006615  \n",
       "3B       0.004306  \n",
       "4A       0.982352  \n",
       "4B            1.0  "
      ]
     },
     "execution_count": 200,
     "metadata": {},
     "output_type": "execute_result"
    }
   ],
   "source": [
    "pearson_mat_sim"
   ]
  },
  {
   "cell_type": "code",
   "execution_count": 201,
   "id": "aad29e16-8772-48ae-81c6-af033048cf3f",
   "metadata": {},
   "outputs": [],
   "source": [
    "# Making a long df of selection coefficients where the time interval is in a column (to be used as hue)\n",
    "time_sim_rename = {'s_T0toT1':'T0-T1', 's_T0toT2':'T0-T2', 's_T0toT3':'T0-T3'}\n",
    "s_sim_by_timepoint = sim_s_app[['Library', 'Genotype', 's_T0toT1', 's_T0toT2', 's_T0toT3']].copy()\n",
    "s_sim_by_timepoint = s_sim_by_timepoint.rename(columns=time_sim_rename)\n",
    "s_sim_by_timepoint = pd.melt(s_sim_by_timepoint, id_vars=['Library', 'Genotype'],\n",
    "                            value_vars=['T0-T1', 'T0-T2', 'T0-T3'],\n",
    "                            var_name='Time interval', value_name='Selection coefficients')"
   ]
  },
  {
   "cell_type": "markdown",
   "id": "55e7eb43-d1ad-40ba-8519-01b7d1028816",
   "metadata": {},
   "source": [
    "### Selection coefficients from 300 paired-end sequencing"
   ]
  },
  {
   "cell_type": "code",
   "execution_count": 203,
   "id": "27800bea-f6bf-4cad-9c8b-2c0d46b93abb",
   "metadata": {},
   "outputs": [],
   "source": [
    "s_sec_300 = s_no_out_300[['Genotype', 'Position', 'In F3F4', 'Mutation type',\n",
    "                         'Bio_rep', 'Tech_rep', 'FCY1_position', 's_T0toT3_Ref']].copy()\n",
    "\n",
    "s_sec_300 = s_sec_300[s_sec_300['In F3F4'] == False].copy().reset_index(drop=True)\n",
    "s_sec_300['samp_id'] = s_sec_300['Bio_rep'].astype('str') + s_sec_300['Tech_rep']\n",
    "s_sec_300 = s_sec_300.sort_values(by='samp_id').reset_index(drop=True)\n",
    "\n",
    "# Keeping only mutants within the FCY1 CDS\n",
    "s_sec_300 = s_sec_300[s_sec_300['FCY1_position'] > 0].copy().reset_index(drop=True)"
   ]
  },
  {
   "cell_type": "code",
   "execution_count": 204,
   "id": "ac8af31a-e019-4469-96f0-71613fa1dc62",
   "metadata": {},
   "outputs": [
    {
     "data": {
      "text/plain": [
       "0.5875887965974519"
      ]
     },
     "execution_count": 204,
     "metadata": {},
     "output_type": "execute_result"
    }
   ],
   "source": [
    "# s of secondary mutants in simulations\n",
    "np.median(s_sec_300[s_sec_300['s_T0toT3_Ref'] > 0.5]['s_T0toT3_Ref'])"
   ]
  },
  {
   "cell_type": "code",
   "execution_count": 205,
   "id": "091a9920-7780-46d3-a1b1-93ca563cc26b",
   "metadata": {},
   "outputs": [],
   "source": [
    "# Computing medians, min and max for each mutant\n",
    "s_sec_medians = s_sec_300.drop(columns=['Bio_rep', 'Tech_rep', 'samp_id']).groupby(by=['Genotype', 'Position', 'In F3F4',\n",
    "                                                                                       'Mutation type', 'FCY1_position'],\n",
    "                                                                                  as_index=False).median()\n",
    "\n",
    "s_sec_min = s_sec_300.drop(columns=['Bio_rep', 'Tech_rep', 'samp_id']).groupby(by=['Genotype', 'Position', 'In F3F4',\n",
    "                                                                                   'Mutation type', 'FCY1_position'],\n",
    "                                                                               as_index=False).min()\n",
    "s_sec_min = s_sec_min.rename(columns={'s_T0toT3_Ref': 'Min_s'})\n",
    "\n",
    "s_sec_max = s_sec_300.drop(columns=['Bio_rep', 'Tech_rep', 'samp_id']).groupby(by=['Genotype', 'Position', 'In F3F4',\n",
    "                                                                                   'Mutation type', 'FCY1_position'],\n",
    "                                                                               as_index=False).max()\n",
    "s_sec_max = s_sec_max.rename(columns={'s_T0toT3_Ref': 'Max_s'})\n",
    "\n",
    "s_sec_medians = pd.merge(s_sec_medians, s_sec_min, on=['Genotype', 'Position', 'In F3F4', 'Mutation type', 'FCY1_position'], how='outer')\n",
    "s_sec_medians = pd.merge(s_sec_medians, s_sec_max, on=['Genotype', 'Position', 'In F3F4', 'Mutation type', 'FCY1_position'], how='outer')"
   ]
  },
  {
   "cell_type": "code",
   "execution_count": 206,
   "id": "300439c0-e2b3-4137-982f-f5ee2f1e6f98",
   "metadata": {},
   "outputs": [],
   "source": [
    "# Obtaining subsets and diffs (for error bars) for each type of mutation\n",
    "sec_sub = s_sec_medians[s_sec_medians['Mutation type'] == 'Substitution'].copy().reset_index(drop=True)\n",
    "sec_sub['Mutation type'] = 'Sub'\n",
    "sub_err =  np.array([sec_sub['s_T0toT3_Ref'] - sec_sub['Min_s'],\n",
    "                     sec_sub['Max_s'] - sec_sub['s_T0toT3_Ref']])\n",
    "\n",
    "sec_ins = s_sec_medians[s_sec_medians['Mutation type'] == 'Insertion'].copy().reset_index(drop=True)\n",
    "sec_ins['Mutation type'] = 'Ins'\n",
    "ins_err =  np.array([sec_ins['s_T0toT3_Ref'] - sec_ins['Min_s'],\n",
    "                     sec_ins['Max_s'] - sec_ins['s_T0toT3_Ref']])\n",
    "\n",
    "sec_del = s_sec_medians[s_sec_medians['Mutation type'] == 'Deletion'].copy().reset_index(drop=True)\n",
    "sec_del['Mutation type'] = 'Del'\n",
    "del_err =  np.array([sec_del['s_T0toT3_Ref'] - sec_del['Min_s'],\n",
    "                     sec_del['Max_s'] - sec_del['s_T0toT3_Ref']])\n",
    "\n",
    "mut_palette = {'Sub': cm.tab10.colors[9], \n",
    "               'Ins': cm.tab20b.colors[1],\n",
    "               'Del': cm.tab10.colors[3]}"
   ]
  },
  {
   "cell_type": "markdown",
   "id": "3d803092-69aa-4861-a524-c1363d66fac3",
   "metadata": {},
   "source": [
    "## Assembling the figure"
   ]
  },
  {
   "cell_type": "code",
   "execution_count": 208,
   "id": "eb718783-d7e6-4d9e-899f-5c9c120d70cd",
   "metadata": {},
   "outputs": [
    {
     "data": {
